[28,14,64]
[46,80,44]
[56,19,44]
[38,65,44]
[28,37,64]
[48,25,44]
[76,44,44]
[42,58,44]
[64,62,44]
[34,31,64]
[22,35,44]
[60,47,44]
[17,33,44]
[45,18,44]
[59,58,44]
[25,24,44]
[35,16,44]
[47,31,64]
[33,10,39]
[45,2,44]
[33,58,44]
[58,23,44]
[39,43,64]
[60,57,44]
[42,75,44]
[20,61,64]
[50,32,44]
[33,56,44]
[24,46,44]
[29,66,44]
[44,75,44]
[26,40,64]
[23,21,44]
[17,49,44]
[50,40,64]
[62,22,43]
[44,58,44]
[68,57,43]
[31,24,44]
[83,41,44]
[52,54,44]
[36,34,64]
[6,39,44]
[39,69,44]
[39,37,64]
[70,53,43]
[30,11,35]
[69,42,44]
[53,61,44]
[56,27,44]
[13,40,44]
[43,65,44]
[35,12,44]
[38,13,44]
[48,30,64]
[72,40,44]
[36,49,44]
[52,57,35]
[46,18,44]
[64,21,44]
[51,35,64]
[53,31,44]
[54,30,35]
[41,42,64]
[34,37,64]
[21,35,44]
[44,63,44]
[52,60,44]
[51,33,44]
[66,40,44]
[43,79,44]
[27,31,44]
[47,37,64]
[19,55,44]
[37,13,44]
[45,9,44]
[15,26,35]
[46,28,64]
[36,64,44]
[56,55,44]
[52,19,44]
[71,30,64]
[48,56,64]
[31,37,64]
[31,42,44]
[19,40,44]
[55,66,44]
[58,63,44]
[47,32,64]
[19,30,44]
[21,46,44]
[56,21,44]
[6,42,44]
[41,51,44]
[71,32,44]
[55,41,64]
[19,35,44]
[51,65,44]
[16,38,44]
[14,48,44]
[43,13,44]
[27,25,44]
[22,23,44]
[65,45,44]
[64,28,44]
[46,44,44]
[76,48,64]
[34,27,44]
[56,68,64]
[8,47,44]
[72,46,44]
[41,20,44]
[25,63,44]
[63,49,44]
[47,43,44]
[36,40,64]
[54,71,43]
[39,2,35]
[68,27,64]
[27,53,44]
[37,73,44]
[50,73,43]
[80,41,44]
[33,48,44]
[31,62,44]
[71,51,44]
[41,50,64]
[45,40,64]
[41,76,44]
[53,63,44]
[41,16,44]
[31,41,44]
[72,39,44]
[59,50,44]
[23,52,44]
[57,67,64]
[49,39,64]
[56,31,35]
[37,58,44]
[14,28,64]
[10,40,58]
[54,16,44]
[57,32,64]
[28,62,44]
[15,55,43]
[53,13,43]
[18,27,44]
[19,42,35]
[35,56,44]
[74,42,44]
[36,75,44]
[31,12,39]
[38,44,64]
[43,28,64]
[67,51,44]
[15,58,44]
[41,32,64]
[73,52,43]
[32,52,44]
[20,45,44]
[32,16,44]
[41,75,44]
[77,34,44]
[73,37,44]
[69,48,44]
[26,23,44]
[54,17,44]
[11,47,44]
[27,50,44]
[15,51,44]
[7,33,44]
[45,23,44]
[44,32,64]
[12,32,44]
[51,40,64]
[36,24,44]
[57,42,44]
[42,79,44]
[67,40,44]
[28,35,64]
[27,52,44]
[71,31,43]
[51,70,44]
[35,40,64]
[38,57,44]
[44,80,64]
[6,38,44]
[66,26,43]
[50,54,44]
[69,41,44]
[44,48,59]
[49,31,59]
[33,54,44]
[48,10,44]
[40,68,44]
[17,27,44]
[50,39,64]
[35,19,44]
[57,31,59]
[48,24,44]
[44,33,64]
[22,43,44]
[62,35,64]
[19,58,44]
[39,51,44]
[61,30,44]
[64,23,64]
[30,57,44]
[41,9,44]
[32,66,44]
[30,35,64]
[34,35,64]
[39,60,44]
[47,16,44]
[56,51,44]
[32,29,43]
[11,43,44]
[41,18,44]
[48,35,64]
[67,48,44]
[57,20,44]
[27,29,44]
[41,25,44]
[27,42,44]
[71,29,43]
[32,46,44]
[33,43,44]
[38,30,64]
[32,54,44]
[43,24,44]
[30,49,44]
[33,34,64]
[45,30,64]
[46,22,44]
[38,37,64]
[39,59,44]
[61,27,44]
[57,30,44]
[32,30,64]
[44,61,44]
[32,45,44]
[38,72,44]
[68,56,64]
[55,21,44]
[66,45,44]
[54,67,44]
[18,26,44]
[41,43,64]
[39,14,44]
[52,46,44]
[25,52,44]
[41,79,44]
[55,68,43]
[32,35,64]
[65,59,64]
[72,53,43]
[26,41,44]
[39,9,44]
[58,52,44]
[25,42,44]
[31,49,44]
[42,41,64]
[58,37,64]
[65,40,44]
[52,21,44]
[46,36,64]
[32,51,44]
[29,22,44]
[39,41,64]
[37,30,64]
[58,57,44]
[24,60,44]
[9,32,35]
[69,46,44]
[40,36,64]
[63,43,44]
[45,47,44]
[44,9,44]
[4,36,44]
[42,30,64]
[7,37,44]
[53,38,64]
[17,24,35]
[29,15,44]
[47,25,44]
[49,56,64]
[18,52,44]
[48,17,44]
[23,58,44]
[38,78,43]
[15,37,44]
[32,15,44]
[36,74,44]
[35,26,44]
[57,52,44]
[30,29,44]
[50,15,44]
[18,47,44]
[45,51,44]
[14,33,44]
[64,27,44]
[21,41,64]
[35,32,64]
[32,50,44]
[76,50,44]
[76,46,44]
[20,20,44]
[2,39,35]
[20,29,44]
[25,33,44]
[26,32,44]
[56,20,44]
[50,27,44]
[30,36,64]
[47,62,44]
[22,19,35]
[59,37,35]
[46,6,43]
[61,41,44]
[15,46,44]
[48,45,64]
[73,48,44]
[34,6,44]
[27,24,44]
[57,18,44]
[18,44,59]
[58,21,44]
[30,67,44]
[25,51,44]
[43,66,44]
[37,41,64]
[51,56,58]
[41,23,44]
[39,29,64]
[56,28,44]
[32,44,44]
[29,17,44]
[41,78,44]
[43,63,44]
[83,42,44]
[21,64,44]
[39,64,44]
[0,41,44]
[40,62,44]
[41,56,44]
[26,59,44]
[24,64,43]
[54,49,44]
[50,17,44]
[60,64,64]
[25,50,44]
[8,36,44]
[13,48,44]
[49,8,64]
[24,42,58]
[33,75,43]
[64,46,44]
[61,25,44]
[53,68,44]
[53,54,44]
[48,66,44]
[40,59,44]
[29,18,44]
[24,20,44]
[22,47,44]
[25,48,44]
[42,73,44]
[20,37,44]
[34,29,64]
[73,38,44]
[47,28,44]
[22,22,44]
[52,44,58]
[35,37,64]
[62,59,44]
[49,27,44]
[22,24,44]
[9,39,44]
[24,23,44]
[54,28,44]
[42,50,64]
[48,13,44]
[51,75,44]
[58,42,44]
[54,43,58]
[53,12,64]
[70,38,44]
[69,57,44]
[46,9,44]
[30,65,44]
[40,13,44]
[60,49,44]
[80,44,64]
[64,53,44]
[52,68,44]
[29,19,44]
[29,43,44]
[18,30,44]
[12,34,44]
[32,65,44]
[46,54,44]
[40,66,44]
[22,52,44]
[48,23,44]
[55,69,64]
[64,55,44]
[80,40,43]
[20,55,44]
[33,28,59]
[40,81,64]
[59,55,44]
[24,67,44]
[40,77,44]
[53,71,64]
[54,37,64]
[31,35,64]
[41,45,64]
[71,39,44]
[54,25,44]
[44,65,44]
[29,21,44]
[17,54,44]
[50,68,44]
[55,44,44]
[28,22,44]
[32,11,39]
[42,24,44]
[40,79,44]
[45,57,58]
[33,39,64]
[35,49,44]
[54,51,44]
[33,31,64]
[45,60,44]
[23,48,44]
[16,42,44]
[40,41,64]
[32,34,64]
[47,73,44]
[19,49,44]
[22,63,64]
[49,34,64]
[46,13,44]
[30,44,44]
[31,21,44]
[75,50,43]
[31,46,44]
[41,33,64]
[48,38,64]
[16,50,44]
[53,18,44]
[32,53,44]
[47,52,44]
[41,73,44]
[55,62,44]
[61,55,44]
[36,25,44]
[23,22,44]
[49,45,64]
[13,53,43]
[45,10,44]
[34,71,44]
[60,45,44]
[51,9,43]
[50,64,44]
[48,7,64]
[55,63,44]
[31,38,64]
[24,16,44]
[45,24,44]
[32,9,35]
[4,38,64]
[35,43,44]
[30,42,44]
[37,47,44]
[39,19,44]
[25,49,44]
[49,38,64]
[78,39,44]
[46,78,64]
[14,36,44]
[50,26,44]
[31,39,35]
[28,68,43]
[29,60,44]
[45,17,44]
[48,18,44]
[40,15,44]
[48,44,43]
[15,25,44]
[38,36,64]
[65,58,43]
[34,19,44]
[42,49,64]
[26,58,44]
[33,52,44]
[41,74,44]
[26,22,44]
[53,69,44]
[60,41,44]
[51,24,44]
[59,26,44]
[41,8,44]
[17,59,43]
[35,66,44]
[45,11,44]
[30,38,64]
[49,64,44]
[63,22,64]
[60,25,44]
[32,20,44]
[46,24,44]
[34,8,64]
[39,75,44]
[37,39,64]
[15,44,39]
[24,58,44]
[34,36,64]
[63,60,43]
[77,43,44]
[54,44,44]
[4,39,39]
[67,55,44]
[12,48,44]
[63,62,43]
[42,80,44]
[53,66,44]
[52,66,44]
[30,30,44]
[33,68,44]
[44,19,44]
[15,41,44]
[47,41,64]
[62,38,44]
[46,17,44]
[47,57,64]
[59,53,44]
[46,74,44]
[60,22,44]
[23,44,44]
[52,48,44]
[16,57,64]
[55,60,44]
[41,19,44]
[49,14,44]
[51,71,44]
[25,26,44]
[56,47,44]
[41,31,64]
[72,35,44]
[45,38,64]
[24,39,64]
[16,30,44]
[26,55,44]
[39,8,44]
[65,33,44]
[37,9,44]
[41,61,44]
[17,58,64]
[81,38,44]
[28,57,44]
[55,56,44]
[26,34,44]
[48,27,44]
[25,65,43]
[69,28,64]
[22,46,44]
[29,51,44]
[21,60,44]
[71,48,44]
[32,70,44]
[18,51,44]
[29,57,44]
[1,42,64]
[55,40,64]
[5,47,43]
[64,37,64]
[55,12,44]
[49,19,44]
[9,31,44]
[39,13,44]
[18,45,44]
[61,43,44]
[57,41,44]
[36,38,64]
[31,57,44]
[44,64,44]
[65,43,44]
[39,30,64]
[14,37,44]
[52,22,44]
[42,0,44]
[20,44,44]
[12,50,44]
[43,51,64]
[43,40,64]
[18,33,44]
[71,53,64]
[69,52,44]
[9,49,43]
[50,8,43]
[37,7,44]
[27,57,44]
[35,10,44]
[16,32,44]
[13,30,39]
[72,29,44]
[40,53,44]
[21,58,44]
[29,70,64]
[53,53,44]
[39,48,44]
[24,19,39]
[58,19,44]
[45,26,44]
[34,40,64]
[61,33,44]
[50,29,44]
[57,36,64]
[67,24,44]
[44,66,44]
[63,32,44]
[27,63,44]
[43,82,58]
[64,49,44]
[51,31,44]
[47,63,44]
[36,26,44]
[62,57,44]
[40,46,64]
[64,45,44]
[73,33,43]
[54,57,39]
[44,29,64]
[58,18,43]
[17,37,44]
[55,67,44]
[38,81,44]
[44,69,44]
[53,65,44]
[27,70,44]
[35,41,64]
[56,42,44]
[61,59,44]
[53,10,44]
[21,51,44]
[14,44,44]
[42,28,64]
[33,22,44]
[14,53,44]
[21,54,44]
[15,40,44]
[25,45,44]
[40,69,44]
[38,25,44]
[48,8,43]
[65,28,44]
[57,29,44]
[47,75,44]
[81,41,64]
[46,32,64]
[17,46,44]
[23,64,64]
[25,47,44]
[50,13,44]
[23,32,44]
[11,38,44]
[65,52,44]
[64,31,44]
[28,16,44]
[37,61,44]
[23,66,44]
[56,38,64]
[32,57,44]
[58,56,44]
[19,23,64]
[34,68,44]
[54,60,44]
[43,14,44]
[36,21,44]
[34,47,44]
[34,26,44]
[20,30,44]
[46,51,44]
[13,39,44]
[28,20,44]
[46,31,64]
[51,46,44]
[37,50,44]
[59,61,44]
[44,49,59]
[38,69,44]
[43,48,64]
[64,32,44]
[44,79,43]
[46,64,44]
[58,51,44]
[31,51,44]
[40,28,64]
[11,29,44]
[49,71,44]
[60,60,44]
[38,9,44]
[61,60,44]
[60,39,44]
[57,16,64]
[51,53,44]
[37,76,44]
[10,50,43]
[65,30,44]
[63,55,44]
[19,54,44]
[16,26,64]
[16,36,44]
[12,44,44]
[33,71,44]
[24,17,35]
[43,1,58]
[48,70,44]
[38,39,64]
[42,51,64]
[31,56,44]
[51,42,64]
[41,65,44]
[41,41,64]
[57,15,43]
[23,57,44]
[77,35,43]
[32,24,44]
[16,31,44]
[37,45,44]
[77,40,44]
[34,34,64]
[23,39,64]
[57,24,44]
[43,20,44]
[73,42,44]
[68,36,44]
[21,37,44]
[72,52,64]
[24,30,44]
[12,52,43]
[40,6,44]
[46,40,64]
[56,54,44]
[30,41,44]
[49,20,44]
[44,15,44]
[14,26,44]
[4,42,44]
[19,61,43]
[24,50,44]
[40,33,64]
[18,55,44]
[64,44,44]
[19,29,44]
[27,47,44]
[59,19,43]
[28,70,43]
[64,43,44]
[59,42,44]
[50,67,44]
[29,54,44]
[30,51,44]
[31,9,44]
[40,9,44]
[69,55,64]
[38,32,64]
[39,16,44]
[61,54,44]
[46,57,39]
[40,76,44]
[60,50,44]
[30,34,64]
[43,16,44]
[46,3,44]
[56,70,44]
[31,27,44]
[42,59,44]
[36,12,44]
[53,72,43]
[34,38,64]
[17,45,44]
[34,65,44]
[14,27,35]
[20,51,44]
[22,62,43]
[44,3,64]
[50,50,44]
[58,60,44]
[50,41,64]
[38,77,44]
[30,12,64]
[12,46,44]
[72,34,44]
[28,38,64]
[38,38,64]
[57,21,44]
[8,32,44]
[45,59,44]
[43,47,64]
[61,24,44]
[40,60,44]
[51,48,44]
[81,44,43]
[57,43,44]
[30,66,44]
[9,46,44]
[67,29,44]
[69,53,44]
[27,66,44]
[47,64,44]
[19,36,44]
[28,59,44]
[54,63,44]
[7,50,44]
[37,8,44]
[63,21,43]
[58,26,44]
[43,50,64]
[37,62,44]
[66,27,44]
[68,28,43]
[41,4,44]
[31,72,64]
[65,24,64]
[79,46,43]
[48,76,64]
[31,66,44]
[36,27,35]
[32,59,44]
[65,50,44]
[27,17,44]
[11,41,64]
[62,48,44]
[34,51,44]
[42,31,64]
[22,34,44]
[40,11,44]
[23,20,39]
[12,36,44]
[39,81,43]
[2,40,64]
[22,33,44]
[45,19,44]
[58,50,44]
[15,52,44]
[35,39,64]
[41,80,44]
[41,5,44]
[53,14,44]
[54,23,44]
[37,56,44]
[15,53,44]
[8,44,44]
[31,53,44]
[64,50,44]
[77,39,44]
[23,23,44]
[56,25,44]
[60,42,44]
[15,32,44]
[57,46,44]
[17,31,44]
[51,8,44]
[53,49,44]
[64,56,44]
[41,55,44]
[55,29,44]
[27,68,64]
[32,47,44]
[66,30,44]
[33,8,35]
[23,47,44]
[45,16,44]
[37,80,44]
[38,46,44]
[55,47,44]
[66,32,44]
[54,48,44]
[29,45,44]
[53,39,64]
[39,80,64]
[32,38,64]
[39,31,64]
[34,49,44]
[41,47,64]
[46,63,44]
[69,32,44]
[34,72,44]
[43,71,44]
[35,8,39]
[36,45,44]
[33,69,44]
[68,39,44]
[50,11,44]
[26,15,35]
[73,40,44]
[60,36,64]
[56,36,64]
[79,41,44]
[66,59,43]
[21,57,44]
[42,35,64]
[63,33,44]
[43,61,44]
[18,54,44]
[49,33,64]
[44,24,44]
[39,62,44]
[52,10,43]
[38,60,44]
[50,46,59]
[38,71,44]
[17,35,44]
[12,28,44]
[50,62,44]
[31,68,44]
[25,41,64]
[30,14,44]
[36,58,44]
[52,14,44]
[55,53,44]
[55,25,44]
[22,36,44]
[70,27,44]
[72,43,44]
[35,63,44]
[20,21,35]
[43,27,64]
[52,27,44]
[36,53,44]
[22,51,44]
[3,41,44]
[57,63,44]
[69,44,44]
[51,60,44]
[46,75,44]
[30,63,44]
[46,61,44]
[30,55,44]
[15,57,43]
[29,28,44]
[29,32,58]
[37,78,64]
[27,44,44]
[44,52,64]
[58,44,44]
[39,45,64]
[54,70,64]
[48,77,43]
[47,58,44]
[42,61,44]
[72,48,44]
[64,40,44]
[11,53,43]
[46,15,44]
[35,74,44]
[35,53,44]
[46,8,44]
[28,51,44]
[51,58,58]
[46,14,44]
[76,36,43]
[29,14,39]
[46,20,44]
[31,26,44]
[39,79,43]
[20,48,44]
[17,23,44]
[27,21,44]
[35,77,43]
[72,54,44]
[13,47,44]
[59,40,44]
[61,56,44]
[26,48,44]
[44,22,44]
[33,70,44]
[13,51,44]
[24,62,44]
[67,56,43]
[54,52,44]
[16,41,44]
[42,34,64]
[41,2,64]
[72,33,44]
[44,82,44]
[40,31,64]
[53,51,44]
[30,13,39]
[35,45,44]
[29,69,43]
[48,51,44]
[43,72,44]
[32,36,64]
[57,44,44]
[26,42,44]
[55,13,43]
[42,81,64]
[56,14,43]
[71,35,44]
[24,35,44]
[62,43,44]
[62,51,44]
[51,62,44]
[54,22,44]
[68,25,44]
[21,24,44]
[27,34,44]
[71,34,44]
[40,26,35]
[39,5,44]
[45,7,44]
[81,39,43]
[22,61,44]
[58,62,44]
[30,62,44]
[18,56,44]
[43,25,44]
[27,55,44]
[38,50,44]
[36,39,64]
[53,58,64]
[61,64,43]
[42,4,44]
[22,39,44]
[49,37,64]
[28,43,44]
[60,54,44]
[58,17,64]
[61,26,44]
[47,61,44]
[37,43,64]
[64,42,44]
[48,75,43]
[25,36,44]
[34,46,44]
[31,20,44]
[31,19,44]
[57,22,44]
[38,21,44]
[71,47,44]
[61,38,44]
[47,67,44]
[47,29,64]
[44,70,44]
[33,29,64]
[22,57,44]
[75,40,44]
[32,64,44]
[52,33,44]
[49,72,44]
[43,35,64]
[69,51,44]
[61,47,44]
[35,27,64]
[53,35,64]
[21,29,44]
[62,19,44]
[9,42,44]
[37,53,44]
[60,20,43]
[39,40,64]
[32,14,44]
[79,38,64]
[69,35,44]
[59,33,64]
[46,23,44]
[61,31,44]
[24,59,44]
[38,5,39]
[39,4,39]
[66,51,44]
[66,39,44]
[39,33,64]
[44,30,64]
[76,40,44]
[65,26,44]
[44,68,44]
[47,70,44]
[78,48,44]
[16,28,44]
[60,63,43]
[73,41,44]
[30,68,44]
[62,21,64]
[19,31,44]
[33,13,44]
[72,47,44]
[53,37,64]
[54,18,44]
[39,17,44]
[44,51,35]
[66,38,44]
[14,32,44]
[59,23,44]
[21,25,44]
[31,50,44]
[17,40,44]
[54,12,43]
[3,46,44]
[55,57,44]
[48,16,44]
[53,48,44]
[74,48,44]
[26,43,44]
[34,12,44]
[18,49,44]
[24,61,44]
[31,17,44]
[8,34,64]
[76,47,43]
[36,52,44]
[30,69,44]
[44,47,58]
[59,31,44]
[9,33,64]
[45,67,44]
[30,25,44]
[74,37,44]
[52,36,64]
[35,21,44]
[43,52,64]
[13,36,44]
[45,42,64]
[33,76,44]
[55,45,44]
[32,75,44]
[60,28,44]
[36,36,64]
[67,54,44]
[28,53,44]
[28,49,44]
[3,38,35]
[37,37,64]
[33,41,39]
[26,53,44]
[21,52,44]
[40,39,64]
[59,60,44]
[77,42,44]
[33,11,44]
[40,18,44]
[54,21,44]
[67,59,44]
[19,62,44]
[62,32,44]
[60,19,64]
[60,33,64]
[33,42,44]
[30,59,44]
[40,67,44]
[60,43,44]
[47,21,44]
[23,43,44]
[52,23,44]
[12,49,44]
[44,18,44]
[9,38,44]
[43,9,44]
[55,39,64]
[32,63,44]
[25,28,44]
[23,27,44]
[23,17,44]
[24,53,44]
[28,61,44]
[53,46,44]
[10,34,44]
[62,47,44]
[12,39,44]
[42,52,64]
[56,53,44]
[48,21,44]
[33,25,44]
[34,76,43]
[32,8,44]
[19,27,44]
[58,64,44]
[76,34,43]
[26,14,44]
[19,41,44]
[59,65,64]
[53,62,44]
[37,77,43]
[11,37,44]
[6,37,39]
[32,67,44]
[48,49,35]
[32,43,44]
[33,15,44]
[38,56,44]
[24,45,44]
[70,31,44]
[23,28,44]
[40,64,44]
[65,53,44]
[78,47,43]
[37,60,44]
[42,55,44]
[42,46,64]
[18,58,43]
[48,65,44]
[61,48,44]
[51,37,64]
[3,39,64]
[11,32,39]
[49,59,44]
[45,35,64]
[52,12,43]
[14,49,44]
[38,66,44]
[82,42,64]
[41,40,64]
[12,51,44]
[79,44,43]
[42,78,44]
[21,44,44]
[20,36,44]
[64,58,44]
[40,78,44]
[6,49,44]
[41,27,64]
[5,38,39]
[29,35,64]
[30,32,64]
[39,11,44]
[43,57,44]
[24,49,44]
[42,13,44]
[28,21,44]
[21,40,44]
[42,67,44]
[26,28,44]
[26,39,64]
[49,73,44]
[50,57,35]
[20,50,44]
[36,78,43]
[69,31,44]
[50,35,64]
[51,15,44]
[44,81,43]
[46,71,44]
[44,25,44]
[36,28,64]
[44,21,44]
[48,58,44]
[39,24,44]
[22,65,44]
[41,64,44]
[41,62,44]
[47,44,44]
[45,39,64]
[52,61,44]
[43,74,44]
[28,66,44]
[64,51,44]
[73,43,44]
[29,25,44]
[60,35,64]
[29,34,64]
[50,49,44]
[11,51,43]
[39,12,44]
[49,75,64]
[55,35,35]
[49,25,44]
[76,37,44]
[12,47,44]
[30,17,44]
[49,10,44]
[74,38,44]
[12,37,44]
[40,52,44]
[40,47,64]
[51,26,44]
[29,65,44]
[15,33,44]
[68,32,44]
[13,43,64]
[62,27,44]
[34,63,44]
[33,74,64]
[82,40,58]
[60,62,44]
[29,20,44]
[52,41,64]
[52,24,44]
[11,49,44]
[1,44,44]
[42,37,64]
[20,26,44]
[40,16,44]
[11,48,44]
[67,34,44]
[36,79,44]
[45,44,44]
[57,51,44]
[44,78,44]
[63,47,44]
[51,55,44]
[37,67,44]
[44,74,44]
[35,57,44]
[22,18,44]
[38,47,44]
[55,58,35]
[45,32,64]
[43,30,64]
[44,8,44]
[31,11,64]
[35,65,44]
[49,40,64]
[19,59,43]
[17,34,44]
[6,46,43]
[14,56,43]
[65,56,44]
[47,4,44]
[64,57,44]
[57,55,44]
[31,73,43]
[64,48,44]
[39,18,44]
[34,66,44]
[50,66,44]
[22,27,44]
[75,37,44]
[56,57,44]
[60,56,44]
[49,76,43]
[16,34,44]
[37,10,44]
[18,25,39]
[38,14,44]
[31,10,35]
[53,41,64]
[33,9,64]
[62,49,44]
[41,82,64]
[24,66,43]
[46,7,44]
[14,39,44]
[68,35,44]
[7,35,64]
[62,42,44]
[48,57,64]
[16,55,44]
[60,18,43]
[46,70,44]
[49,9,43]
[51,29,44]
[72,41,44]
[40,57,44]
[43,44,64]
[48,60,44]
[62,26,44]
[45,72,44]
[46,38,64]
[46,62,44]
[30,45,44]
[49,46,64]
[68,26,43]
[47,66,44]
[50,33,64]
[10,39,59]
[7,45,44]
[68,44,44]
[37,65,44]
[79,40,44]
[66,56,44]
[52,9,44]
[22,53,44]
[69,43,44]
[21,42,64]
[77,46,43]
[62,46,44]
[52,59,44]
[56,35,64]
[40,70,44]
[73,49,44]
[46,47,44]
[67,25,43]
[18,48,44]
[41,39,64]
[34,23,44]
[52,69,44]
[59,25,44]
[47,60,44]
[37,3,44]
[12,30,64]
[54,59,44]
[26,51,44]
[22,41,64]
[46,77,43]
[58,40,44]
[31,65,44]
[52,25,44]
[14,50,44]
[44,39,64]
[7,41,44]
[47,49,39]
[46,76,44]
[70,41,44]
[15,27,64]
[38,27,64]
[50,65,44]
[39,32,64]
[78,46,64]
[47,20,44]
[39,21,44]
[55,46,44]
[25,21,44]
[64,35,44]
[26,44,44]
[70,50,44]
[46,79,43]
[62,23,44]
[44,12,44]
[60,34,64]
[64,25,44]
[40,24,44]
[29,29,44]
[42,21,44]
[72,50,44]
[61,21,43]
[42,33,64]
[51,67,44]
[47,65,44]
[28,69,64]
[7,47,43]
[32,23,44]
[45,80,43]
[29,11,44]
[53,59,44]
[44,23,44]
[48,52,44]
[20,58,44]
[62,41,44]
[24,38,64]
[31,44,44]
[33,36,64]
[50,58,44]
[42,45,64]
[38,20,44]
[52,32,44]
[65,57,44]
[32,41,44]
[30,50,44]
[29,68,44]
[45,43,64]
[34,7,35]
[30,53,44]
[61,22,44]
[52,17,44]
[46,26,44]
[15,31,44]
[20,59,44]
[53,17,44]
[68,53,44]
[66,25,64]
[21,23,44]
[73,35,44]
[55,55,44]
[6,36,64]
[82,44,44]
[14,55,64]
[64,52,44]
[18,39,44]
[49,57,35]
[17,55,44]
[66,31,44]
[14,34,44]
[45,41,64]
[38,23,44]
[45,31,64]
[64,30,44]
[45,65,44]
[50,72,44]
[35,5,44]
[55,33,44]
[41,72,44]
[40,63,44]
[46,69,44]
[52,55,44]
[48,47,35]
[49,28,44]
[20,63,44]
[25,32,44]
[73,47,44]
[45,75,44]
[63,24,44]
[48,32,64]
[51,14,44]
[26,19,44]
[77,41,44]
[22,31,44]
[7,49,43]
[51,66,44]
[26,61,44]
[15,39,44]
[75,39,44]
[46,68,44]
[35,24,44]
[13,28,35]
[28,64,44]
[70,34,44]
[44,31,64]
[78,44,44]
[35,22,44]
[45,71,44]
[71,36,44]
[45,45,44]
[8,37,44]
[29,16,44]
[33,17,44]
[38,48,44]
[31,61,44]
[72,32,43]
[78,38,43]
[23,36,44]
[17,26,39]
[19,25,44]
[35,72,44]
[19,50,44]
[42,64,44]
[45,15,44]
[59,35,64]
[17,60,44]
[65,39,44]
[37,42,64]
[28,29,44]
[62,40,44]
[17,39,44]
[59,34,64]
[44,41,64]
[76,38,44]
[61,20,64]
[34,67,44]
[52,47,44]
[26,27,44]
[69,29,43]
[52,51,44]
[29,50,44]
[58,34,64]
[24,27,44]
[27,22,44]
[37,21,44]
[49,15,44]
[46,48,58]
[54,11,44]
[31,29,44]
[47,46,44]
[29,62,44]
[7,40,44]
[28,33,44]
[43,8,44]
[42,68,44]
[56,48,44]
[66,24,43]
[43,10,44]
[67,58,43]
[54,26,44]
[45,12,44]
[36,61,44]
[16,51,44]
[37,79,43]
[52,64,44]
[19,47,44]
[41,63,44]
[75,35,43]
[30,60,44]
[39,71,44]
[48,78,44]
[50,53,44]
[45,37,64]
[45,78,43]
[53,26,44]
[27,15,64]
[49,11,44]
[40,56,44]
[80,46,44]
[58,33,64]
[71,50,44]
[44,26,44]
[76,39,44]
[42,57,44]
[29,23,44]
[8,46,44]
[55,27,44]
[39,28,64]
[39,65,44]
[70,54,64]
[49,70,44]
[43,11,44]
[66,28,44]
[50,23,44]
[51,57,64]
[82,41,64]
[60,48,44]
[82,43,58]
[27,20,44]
[46,33,64]
[24,55,44]
[56,58,64]
[36,50,44]
[16,39,44]
[47,69,44]
[61,36,64]
[63,39,44]
[54,45,44]
[38,67,44]
[70,46,44]
[42,77,44]
[55,42,44]
[54,54,44]
[41,66,44]
[36,73,44]
[28,25,44]
[59,43,44]
[53,23,44]
[35,6,35]
[11,52,64]
[47,51,44]
[22,42,35]
[43,62,44]
[10,35,44]
[35,25,44]
[18,41,44]
[69,34,44]
[25,30,44]
[52,65,44]
[27,14,35]
[77,45,44]
[36,32,64]
[56,66,44]
[33,14,44]
[41,10,44]
[15,34,44]
[15,47,44]
[70,28,43]
[45,4,64]
[48,19,44]
[38,63,44]
[54,40,64]
[15,54,44]
[35,42,35]
[26,35,44]
[72,30,43]
[36,11,44]
[27,41,44]
[53,57,64]
[14,40,44]
[37,44,59]
[21,49,44]
[38,42,64]
[45,21,44]
[62,63,43]
[36,20,44]
[48,29,44]
[39,35,64]
[36,31,64]
[50,24,44]
[43,80,43]
[42,83,44]
[17,52,44]
[32,12,44]
[26,69,44]
[57,48,44]
[23,49,44]
[34,53,44]
[39,38,64]
[59,62,44]
[72,45,44]
[25,39,64]
[54,38,64]
[28,15,39]
[56,43,44]
[44,55,64]
[43,75,44]
[19,34,44]
[36,48,44]
[54,62,44]
[31,18,44]
[32,55,44]
[51,16,44]
[32,61,44]
[52,34,58]
[41,77,44]
[53,67,44]
[59,24,44]
[48,22,44]
[31,25,44]
[33,66,44]
[24,63,44]
[33,19,44]
[51,47,44]
[45,64,44]
[58,22,44]
[37,18,44]
[66,53,44]
[29,36,64]
[19,52,44]
[65,34,44]
[52,42,64]
[37,32,64]
[10,47,44]
[77,38,44]
[39,46,59]
[40,19,44]
[9,48,44]
[50,56,35]
[51,68,44]
[9,50,64]
[32,49,44]
[60,40,44]
[23,24,44]
[69,39,44]
[77,49,44]
[74,52,44]
[59,64,43]
[31,30,43]
[20,42,64]
[25,27,44]
[51,30,44]
[44,6,44]
[41,37,64]
[45,6,44]
[18,42,43]
[33,7,44]
[29,71,43]
[56,61,44]
[35,67,44]
[65,49,44]
[31,74,44]
[50,21,44]
[55,31,64]
[40,30,64]
[39,15,44]
[13,42,64]
[27,45,44]
[35,14,44]
[70,51,44]
[25,46,44]
[34,11,44]
[47,10,44]
[36,54,44]
[45,34,64]
[44,17,44]
[69,47,44]
[67,50,44]
[23,34,44]
[52,39,64]
[28,44,44]
[69,49,44]
[56,26,44]
[36,16,44]
[55,37,64]
[77,47,64]
[41,68,44]
[36,15,44]
[42,3,44]
[29,58,44]
[40,45,64]
[17,41,44]
[30,58,44]
[24,40,64]
[31,69,44]
[36,30,64]
[47,36,64]
[50,63,44]
[75,32,44]
[51,64,44]
[50,42,64]
[17,43,64]
[60,37,64]
[28,13,35]
[35,59,44]
[45,63,44]
[41,35,64]
[42,9,44]
[64,61,43]
[4,45,64]
[2,45,44]
[33,64,44]
[48,20,44]
[68,58,44]
[11,34,44]
[63,44,44]
[54,31,59]
[29,44,44]
[24,25,44]
[60,55,44]
[27,46,44]
[65,32,44]
[50,37,64]
[42,23,44]
[9,47,44]
[58,16,43]
[34,59,44]
[62,28,44]
[44,14,44]
[59,56,44]
[44,7,44]
[40,61,44]
[11,40,44]
[39,52,44]
[58,53,44]
[71,40,44]
[62,54,44]
[58,24,44]
[37,33,64]
[48,31,64]
[10,45,44]
[59,49,44]
[55,23,44]
[53,28,44]
[33,73,43]
[9,45,44]
[58,46,44]
[56,59,43]
[53,22,44]
[34,70,44]
[24,51,44]
[42,29,64]
[57,58,35]
[39,66,44]
[8,49,64]
[66,42,44]
[22,40,35]
[76,41,44]
[47,34,64]
[76,33,44]
[37,46,44]
[15,56,64]
[16,24,44]
[37,57,44]
[73,34,44]
[24,65,64]
[16,43,35]
[12,31,39]
[26,25,44]
[45,68,44]
[38,15,44]
[4,46,43]
[43,22,44]
[9,43,44]
[51,52,44]
[24,21,44]
[51,45,44]
[28,60,44]
[25,44,44]
[51,54,44]
[40,22,44]
[32,58,44]
[67,37,44]
[48,15,44]
[51,27,44]
[64,26,44]
[24,18,64]
[21,27,44]
[11,35,44]
[40,20,44]
[40,8,44]
[34,55,44]
[70,39,44]
[27,56,44]
[65,25,43]
[23,51,44]
[41,60,44]
[63,51,44]
[63,46,44]
[76,45,44]
[44,56,64]
[21,22,39]
[36,37,64]
[62,55,44]
[14,35,44]
[63,34,44]
[43,18,44]
[50,44,64]
[22,32,44]
[29,42,44]
[28,28,44]
[46,59,44]
[32,69,44]
[22,59,44]
[48,40,64]
[49,69,44]
[56,63,44]
[47,26,44]
[48,42,64]
[48,33,64]
[20,35,44]
[56,52,44]
[17,44,43]
[31,47,44]
[70,36,44]
[60,66,44]
[9,37,44]
[58,65,43]
[47,15,44]
[26,20,44]
[47,71,44]
[36,35,64]
[49,13,44]
[27,33,44]
[44,4,43]
[55,15,43]
[10,53,44]
[36,22,44]
[25,64,44]
[8,42,44]
[31,55,44]
[32,25,44]
[22,56,44]
[61,23,44]
[25,23,44]
[22,50,44]
[68,45,44]
[11,30,35]
[70,40,44]
[23,42,64]
[10,48,44]
[42,8,44]
[73,46,44]
[36,19,44]
[21,20,35]
[27,26,44]
[40,1,58]
[56,32,64]
[42,12,44]
[56,65,44]
[55,51,44]
[45,46,44]
[45,22,44]
[57,57,44]
[23,60,44]
[46,5,64]
[38,74,44]
[33,55,44]
[62,50,44]
[74,50,64]
[58,45,44]
[21,38,44]
[13,50,44]
[48,11,44]
[13,55,43]
[39,27,64]
[48,39,64]
[36,65,44]
[33,27,44]
[59,22,44]
[78,36,43]
[42,32,64]
[78,37,64]
[12,41,58]
[36,57,44]
[58,67,43]
[25,35,44]
[57,19,44]
[54,53,44]
[26,65,44]
[50,7,44]
[19,51,44]
[53,44,44]
[50,22,44]
[27,13,44]
[22,64,43]
[35,69,44]
[6,43,44]
[59,54,44]
[47,56,64]
[57,35,64]
[51,49,44]
[37,24,44]
[43,53,64]
[67,49,44]
[8,41,44]
[68,55,43]
[47,47,44]
[60,26,44]
[53,25,44]
[34,45,44]
[80,43,43]
[61,32,44]
[21,34,44]
[45,48,44]
[17,25,64]
[38,54,44]
[39,53,44]
[21,36,44]
[24,24,44]
[7,39,44]
[34,22,44]
[54,39,64]
[54,41,64]
[28,63,44]
[67,28,44]
[58,39,44]
[39,56,44]
[44,13,44]
[53,73,44]
[35,50,44]
[31,67,44]
[45,5,43]
[34,50,44]
[3,37,44]
[54,24,44]
[38,64,44]
[14,52,44]
[49,32,35]
[46,4,43]
[36,42,64]
[38,52,44]
[50,70,44]
[26,21,44]
[21,43,35]
[44,72,44]
[31,15,44]
[52,38,64]
[74,46,44]
[54,61,44]
[79,39,43]
[56,39,64]
[39,23,44]
[53,70,43]
[34,15,44]
[58,20,44]
[6,44,44]
[4,44,43]
[16,47,44]
[61,34,35]
[63,37,64]
[29,40,44]
[63,29,44]
[25,34,44]
[51,74,43]
[62,62,64]
[25,29,44]
[31,34,64]
[13,44,44]
[55,59,44]
[52,40,64]
[55,30,59]
[70,35,44]
[11,31,64]
[37,49,44]
[18,40,44]
[63,31,44]
[61,53,44]
[74,39,44]
[19,28,44]
[31,36,64]
[16,33,44]
[34,20,44]
[42,11,44]
[25,60,44]
[59,18,64]
[24,29,44]
[28,58,44]
[74,49,43]
[56,44,44]
[26,56,44]
[65,41,44]
[57,69,44]
[56,49,44]
[8,33,35]
[55,20,44]
[57,27,44]
[40,38,64]
[46,73,44]
[31,43,44]
[39,63,44]
[44,5,44]
[63,23,43]
[75,47,44]
[35,48,44]
[34,13,44]
[47,12,44]
[45,33,64]
[10,41,44]
[35,29,64]
[46,45,44]
[40,40,64]
[39,54,44]
[49,47,64]
[17,50,44]
[33,32,64]
[35,36,64]
[30,54,44]
[46,46,44]
[65,46,44]
[27,32,44]
[35,58,44]
[19,60,64]
[49,54,44]
[43,73,44]
[40,73,44]
[40,74,44]
[6,35,35]
[27,23,44]
[44,42,64]
[73,36,44]
[65,29,44]
[31,54,44]
[19,43,64]
[15,43,35]
[65,48,44]
[39,55,44]
[32,39,64]
[64,54,44]
[27,30,44]
[23,54,44]
[60,29,44]
[38,73,44]
[39,72,44]
[53,33,44]
[70,29,64]
[44,40,64]
[32,26,44]
[34,52,44]
[27,62,44]
[18,38,44]
[41,26,64]
[46,53,44]
[64,24,43]
[43,55,64]
[52,62,44]
[43,45,64]
[37,27,64]
[34,14,44]
[43,58,44]
[51,38,64]
[52,73,43]
[36,63,44]
[11,45,44]
[13,56,44]
[53,36,64]
[52,13,44]
[6,45,44]
[19,24,39]
[15,28,39]
[33,59,44]
[40,50,44]
[60,30,44]
[68,47,44]
[65,54,44]
[30,61,44]
[39,26,35]
[52,37,64]
[73,50,43]
[38,58,44]
[70,48,44]
[56,41,44]
[32,37,64]
[51,12,44]
[51,69,44]
[51,13,44]
[32,13,44]
[36,7,39]
[34,18,44]
[35,64,44]
[58,36,64]
[70,52,44]
[53,43,35]
[15,38,44]
[70,49,44]
[23,30,44]
[40,51,44]
[77,36,64]
[2,42,64]
[50,14,44]
[57,62,44]
[48,61,44]
[30,24,44]
[45,73,44]
[46,41,64]
[25,55,44]
[46,50,44]
[39,6,44]
[21,61,43]
[35,51,44]
[58,61,44]
[51,10,64]
[38,16,44]
[56,13,44]
[65,27,44]
[28,34,35]
[5,35,44]
[18,34,44]
[40,21,44]
[56,18,44]
[20,43,64]
[78,43,44]
[49,22,44]
[29,38,64]
[50,19,44]
[37,19,44]
[39,68,44]
[37,69,44]
[5,36,35]
[63,38,44]
[33,60,44]
[48,36,64]
[48,73,44]
[20,31,44]
[52,52,44]
[31,63,44]
[28,31,44]
[51,73,64]
[44,27,35]
[27,39,64]
[70,42,44]
[63,50,44]
[50,55,44]
[80,45,43]
[32,19,44]
[48,68,44]
[46,27,44]
[50,28,44]
[37,14,44]
[52,67,44]
[35,54,44]
[71,46,44]
[52,16,44]
[66,58,64]
[63,52,44]
[43,39,64]
[46,34,64]
[65,60,43]
[50,16,44]
[33,21,44]
[78,42,44]
[42,22,44]
[33,53,44]
[60,65,43]
[16,27,39]
[32,48,44]
[66,55,44]
[62,29,44]
[9,40,44]
[69,56,43]
[49,6,44]
[22,48,44]
[45,77,44]
[38,53,44]
[22,28,44]
[50,51,44]
[37,22,44]
[39,49,44]
[43,70,44]
[47,24,44]
[47,72,44]
[5,45,43]
[29,61,44]
[64,36,64]
[54,56,44]
[48,5,44]
[42,17,44]
[35,38,64]
[45,20,44]
[61,29,44]
[30,70,43]
[21,56,44]
[58,48,44]
[15,36,44]
[48,71,44]
[11,42,44]
[26,29,44]
[62,34,59]
[26,18,44]
[35,60,44]
[45,76,44]
[42,14,44]
[1,43,58]
[16,48,44]
[32,21,44]
[43,29,64]
[38,12,44]
[47,14,44]
[71,41,44]
[36,68,44]
[48,6,43]
[21,62,64]
[57,61,44]
[56,30,44]
[23,41,64]
[53,30,44]
[45,53,44]
[61,40,44]
[64,33,44]
[23,63,43]
[28,39,35]
[36,76,43]
[43,64,44]
[58,68,44]
[37,74,44]
[12,42,35]
[45,50,44]
[23,46,44]
[65,31,44]
[27,40,64]
[37,40,64]
[50,34,64]
[36,56,44]
[54,33,44]
[44,1,44]
[42,62,44]
[9,41,44]
[24,44,44]
[0,42,44]
[32,42,44]
[4,37,35]
[53,40,64]
[54,32,44]
[49,26,44]
[27,35,64]
[16,45,44]
[45,61,44]
[44,36,64]
[21,28,44]
[41,58,44]
[38,17,44]
[59,17,43]
[63,42,44]
[74,31,44]
[39,20,44]
[39,34,64]
[55,49,44]
[25,66,64]
[50,69,44]
[81,40,64]
[42,76,44]
[25,40,64]
[50,52,44]
[2,44,43]
[66,34,44]
[42,10,44]
[18,53,44]
[36,13,44]
[48,64,44]
[31,64,44]
[42,66,44]
[54,58,64]
[74,40,44]
[47,79,44]
[53,11,43]
[41,28,64]
[45,52,44]
[14,54,43]
[69,38,44]
[42,72,44]
[70,45,44]
[31,31,64]
[41,54,44]
[37,25,44]
[66,35,44]
[41,3,44]
[35,46,44]
[43,12,44]
[10,52,43]
[20,24,44]
[74,33,64]
[49,63,44]
[7,46,44]
[67,26,64]
[79,37,43]
[2,41,64]
[48,67,44]
[56,17,44]
[66,41,44]
[21,32,44]
[39,3,64]
[32,68,44]
[67,43,44]
[55,22,44]
[13,34,44]
[57,14,44]
[41,67,44]
[41,17,44]
[19,46,44]
[54,36,64]
[10,49,44]
[32,33,64]
[23,40,64]
[23,18,35]
[31,22,44]
[18,37,44]
[43,38,64]
[66,47,44]
[24,48,44]
[53,64,44]
[27,51,44]
[40,35,64]
[24,36,44]
[58,49,44]
[6,47,64]
[14,30,44]
[12,29,35]
[61,57,44]
[53,16,44]
[12,33,44]
[32,60,44]
[66,37,44]
[70,30,43]
[5,39,44]
[12,45,44]
[19,37,44]
[40,10,44]
[49,24,44]
[34,16,44]
[51,32,44]
[34,56,44]
[73,39,44]
[49,18,44]
[52,72,64]
[33,61,44]
[60,38,44]
[31,48,44]
[65,36,44]
[54,72,44]
[38,24,44]
[58,47,44]
[34,10,44]
[26,68,43]
[29,30,44]
[38,43,64]
[10,43,44]
[67,30,44]
[37,11,44]
[18,24,64]
[37,34,64]
[57,45,44]
[13,46,44]
[59,16,44]
[55,18,44]
[31,14,44]
[35,55,44]
[57,59,64]
[49,21,44]
[39,77,44]
[36,33,64]
[40,43,64]
[36,5,35]
[26,37,64]
[42,38,64]
[47,39,64]
[81,45,44]
[49,60,44]
[51,18,44]
[64,34,44]
[16,37,44]
[45,36,64]
[40,25,44]
[19,21,44]
[44,44,35]
[34,57,44]
[40,71,44]
[34,61,44]
[53,56,44]
[36,60,44]
[41,30,64]
[2,38,44]
[75,44,44]
[9,36,44]
[37,70,44]
[33,33,64]
[49,67,44]
[57,65,44]
[11,54,44]
[68,31,44]
[50,76,44]
[42,5,44]
[7,43,44]
[63,27,44]
[48,28,44]
[63,53,44]
[47,53,44]
[67,39,44]
[27,60,44]
[10,42,44]
[48,62,44]
[16,52,44]
[37,38,64]
[43,7,44]
[47,45,44]
[76,35,64]
[67,52,44]
[61,42,44]
[11,50,44]
[61,61,44]
[27,58,44]
[36,9,44]
[49,77,44]
[34,9,39]
[12,38,44]
[40,7,44]
[64,38,44]
[47,68,44]
[69,26,44]
[49,50,44]
[35,52,44]
[17,32,44]
[68,54,44]
[73,51,64]
[45,55,64]
[38,61,44]
[19,22,35]
[59,48,44]
[42,42,64]
[44,60,44]
[44,43,64]
[23,45,44]
[48,74,44]
[13,45,44]
[44,46,58]
[58,15,44]
[62,45,44]
[54,66,44]
[5,46,64]
[51,50,44]
[53,34,44]
[78,41,44]
[20,53,44]
[45,28,64]
[52,15,44]
[44,73,44]
[40,48,59]
[49,53,44]
[20,38,44]
[44,38,64]
[35,47,44]
[30,26,44]
[35,75,43]
[54,64,44]
[14,29,39]
[47,74,44]
[26,30,44]
[49,74,43]
[13,38,44]
[75,51,44]
[41,22,44]
[34,48,44]
[39,36,64]
[21,33,44]
[14,51,44]
[46,39,64]
[25,61,44]
[63,54,44]
[62,20,43]
[6,34,44]
[37,66,44]
[24,41,64]
[56,45,44]
[37,48,44]
[37,55,44]
[44,28,64]
[53,20,44]
[44,34,64]
[51,61,44]
[47,19,44]
[51,43,64]
[67,36,44]
[63,58,44]
[34,73,44]
[46,56,64]
[62,24,44]
[39,1,44]
[47,48,44]
[40,27,64]
[19,32,44]
[50,74,64]
[45,29,64]
[56,46,44]
[25,43,44]
[71,43,44]
[47,13,44]
[75,36,44]
[58,29,44]
[52,50,44]
[20,32,44]
[69,36,44]
[35,76,64]
[44,45,58]
[37,26,43]
[29,47,44]
[11,44,44]
[28,47,44]
[46,43,44]
[75,41,44]
[51,41,64]
[52,56,44]
[29,53,44]
[53,19,44]
[59,38,44]
[26,67,64]
[29,37,64]
[28,55,44]
[23,29,44]
[29,13,64]
[23,19,64]
[3,45,43]
[54,46,44]
[63,28,44]
[42,7,44]
[27,27,44]
[33,12,44]
[19,38,44]
[36,17,44]
[38,2,44]
[38,40,64]
[45,69,44]
[39,50,44]
[38,31,64]
[42,71,44]
[47,38,64]
[61,49,44]
[21,55,44]
[37,52,44]
[33,45,44]
[62,61,43]
[62,37,64]
[27,61,44]
[20,23,39]
[66,44,44]
[42,44,64]
[73,30,44]
[74,43,44]
[23,37,44]
[63,63,44]
[64,59,43]
[17,28,44]
[4,40,44]
[33,51,44]
[55,64,44]
[37,6,39]
[26,62,44]
[50,45,35]
[37,16,44]
[30,15,44]
[46,12,44]
[58,31,44]
[28,27,44]
[49,16,44]
[43,2,64]
[66,52,44]
[45,13,44]
[55,70,43]
[37,31,64]
[55,65,44]
[35,7,64]
[59,57,44]
[41,44,64]
[34,43,44]
[22,37,44]
[17,48,44]
[43,46,64]
[24,54,44]
[74,51,43]
[59,44,44]
[1,39,44]
[1,40,58]
[28,41,44]
[57,40,44]
[42,60,44]
[62,36,64]
[18,50,44]
[70,47,44]
[75,34,64]
[65,42,44]
[43,37,64]
[50,12,44]
[28,36,64]
[43,54,64]
[68,37,44]
[35,61,44]
[46,30,64]
[50,36,64]
[79,45,64]
[48,46,64]
[7,34,35]
[20,52,44]
[41,13,44]
[41,83,44]
[43,34,64]
[28,30,44]
[61,19,43]
[73,45,44]
[38,75,44]
[39,76,44]
[43,77,44]
[27,38,64]
[78,45,43]
[28,19,44]
[10,32,64]
[6,48,43]
[65,37,44]
[49,62,44]
[42,74,44]
[35,70,44]
[4,41,44]
[43,19,44]
[9,44,44]
[16,25,35]
[18,31,44]
[25,31,44]
[24,47,44]
[43,31,64]
[46,72,44]
[80,42,44]
[21,50,44]
[37,68,44]
[33,62,44]
[27,36,64]
[46,49,64]
[67,46,44]
[57,33,39]
[41,24,44]
[5,37,64]
[42,26,64]
[28,32,44]
[23,35,44]
[17,51,44]
[32,62,44]
[46,55,64]
[41,46,64]
[59,51,44]
[16,58,43]
[46,37,64]
[40,82,58]
[30,71,64]
[75,48,43]
[29,26,44]
[61,37,64]
[47,5,43]
[14,41,44]
[61,52,44]
[44,71,44]
[37,29,64]
[7,48,64]
[47,42,35]
[73,31,43]
[26,36,64]
[13,41,44]
[33,35,64]
[41,57,44]
[40,58,44]
[77,37,43]
[42,54,44]
[43,33,64]
[22,26,44]
[71,33,44]
[60,51,44]
[76,43,44]
[67,27,43]
[76,42,44]
[17,38,44]
[74,32,43]
[27,19,44]
[59,30,44]
[64,60,64]
[44,67,44]
[6,40,44]
[52,35,64]
[28,56,44]
[16,56,43]
[10,37,44]
[62,39,44]
[24,52,44]
[38,49,44]
[46,21,44]
[25,54,44]
[63,59,44]
[56,60,44]
[43,59,44]
[29,24,44]
[10,51,64]
[14,31,44]
[34,58,44]
[48,41,64]
[42,39,64]
[55,50,44]
[58,35,64]
[61,65,44]
[56,50,44]
[22,30,44]
[35,78,44]
[79,43,44]
[13,29,64]
[50,71,44]
[24,56,44]
[46,11,44]
[57,38,64]
[48,72,44]
[64,41,44]
[46,52,44]
[41,81,64]
[30,23,44]
[48,48,35]
[68,51,44]
[28,48,44]
[31,59,44]
[30,43,44]
[44,50,39]
[58,32,35]
[58,30,44]
[60,31,44]
[60,32,44]
[42,40,64]
[20,27,44]
[47,55,35]
[20,56,44]
[55,32,58]
[52,29,44]
[23,38,44]
[71,55,44]
[54,65,44]
[56,62,44]
[31,28,44]
[30,48,44]
[56,34,64]
[66,50,44]
[49,23,44]
[61,45,44]
[62,64,44]
[60,53,44]
[28,24,44]
[34,60,44]
[47,11,44]
[10,33,39]
[64,22,43]
[43,43,64]
[52,70,44]
[67,45,44]
[36,41,64]
[18,28,44]
[37,72,44]
[33,46,44]
[40,3,39]
[26,38,64]
[68,46,44]
[51,19,44]
[17,30,44]
[51,25,44]
[65,23,43]
[68,50,44]
[35,35,64]
[74,45,44]
[27,16,39]
[17,53,44]
[61,39,44]
[80,38,43]
[47,7,43]
[44,53,64]
[36,43,64]
[54,42,35]
[25,67,43]
[47,54,44]
[75,49,64]
[38,29,64]
[40,80,43]
[52,63,44]
[25,18,39]
[43,67,44]
[18,59,64]
[43,81,64]
[72,37,44]
[34,75,64]
[36,14,44]
[33,57,44]
[20,33,44]
[51,63,44]
[69,27,43]
[34,69,44]
[59,41,44]
[34,39,64]
[53,60,44]
[26,45,44]
[69,37,44]
[34,77,44]
[48,59,44]
[65,22,44]
[53,21,44]
[63,41,44]
[63,30,44]
[38,18,44]
[67,31,44]
[40,14,44]
[5,41,44]
[35,34,64]
[8,39,44]
[65,47,44]
[10,31,35]
[37,20,44]
[42,70,44]
[42,56,44]
[17,42,44]
[52,30,44]
[52,74,44]
[57,17,43]
[5,42,44]
[23,50,44]
[60,58,44]
[51,51,44]
[54,34,44]
[70,44,44]
[59,21,44]
[55,54,44]
[52,31,44]
[15,50,44]
[59,32,58]
[57,34,64]
[20,57,44]
[41,21,44]
[37,51,44]
[68,29,44]
[72,51,43]
[28,54,44]
[28,18,44]
[30,52,44]
[46,29,64]
[10,46,44]
[5,43,44]
[19,39,44]
[28,65,44]
[34,21,44]
[42,36,64]
[66,43,44]
[25,20,44]
[57,37,64]
[50,48,44]
[32,40,43]
[40,23,44]
[49,42,64]
[44,37,64]
[66,60,44]
[10,36,44]
[38,45,44]
[73,44,44]
[49,55,44]
[42,20,44]
[31,71,43]
[20,41,43]
[20,46,44]
[28,52,44]
[55,71,44]
[37,59,44]
[11,39,44]
[58,54,44]
[73,32,64]
[63,45,44]
[51,39,64]
[31,23,44]
[37,28,64]
[42,19,44]
[62,31,44]
[46,16,44]
[72,49,44]
[67,57,64]
[45,74,44]
[36,51,44]
[3,43,43]
[26,47,44]
[64,39,44]
[58,41,44]
[30,18,44]
[37,63,44]
[63,36,64]
[39,10,44]
[39,61,44]
[42,16,44]
[67,47,44]
[54,29,44]
[34,33,64]
[75,38,44]
[11,33,44]
[55,38,64]
[12,55,44]
[43,49,64]
[49,48,44]
[43,32,64]
[68,38,44]
[42,69,44]
[23,53,44]
[35,30,64]
[50,31,44]
[63,20,44]
[24,37,44]
[11,36,44]
[8,40,44]
[82,39,44]
[34,54,44]
[12,35,44]
[43,21,44]
[48,63,44]
[52,45,44]
[58,55,44]
[32,32,64]
[42,63,44]
[30,31,39]
[14,38,44]
[47,22,44]
[35,11,44]
[16,29,44]
[33,20,44]
[46,25,44]
[29,56,44]
[65,38,44]
[67,38,44]
[69,50,44]
[15,35,44]
[46,10,44]
[38,22,44]
[37,71,44]
[29,41,44]
[37,54,44]
[24,22,44]
[42,6,44]
[19,53,44]
[79,36,44]
[56,23,44]
[61,28,44]
[55,52,44]
[35,23,44]
[40,37,64]
[57,56,44]
[18,29,44]
[52,58,39]
[29,31,44]
[30,28,44]
[66,54,44]
[32,22,44]
[13,49,44]
[51,36,64]
[38,55,44]
[41,29,64]
[25,19,44]
[20,62,43]
[21,19,44]
[57,50,44]
[16,59,44]
[74,36,44]
[75,45,44]
[43,42,64]
[44,77,44]
[51,59,44]
[51,17,44]
[45,66,44]
[18,43,64]
[45,25,44]
[37,35,64]
[25,15,44]
[44,54,64]
[11,46,44]
[49,66,44]
[38,11,44]
[32,18,44]
[52,11,64]
[43,68,44]
[49,51,44]
[12,40,44]
[49,58,44]
[39,82,44]
[39,22,44]
[49,61,44]
[4,47,44]
[23,33,44]
[67,35,44]
[41,11,44]
[47,78,43]
[47,35,64]
[53,29,44]
[26,17,39]
[21,39,44]
[59,46,44]
[56,69,43]
[20,54,44]
[23,61,44]
[39,44,64]
[72,31,64]
[48,54,44]
[47,33,64]
[38,33,64]
[18,36,44]
[69,40,44]
[25,53,44]
[27,65,44]
[22,25,44]
[43,41,64]
[16,44,43]
[54,69,43]
[47,50,59]
[35,13,44]
[32,28,44]
[66,48,44]
[45,27,59]
[41,53,44]
[53,50,44]
[50,30,44]
[26,66,43]
[68,48,44]
[7,38,44]
[33,38,64]
[68,43,44]
[23,59,44]
[17,57,43]
[41,38,64]
[26,24,44]
[51,22,44]
[2,43,64]
[39,39,64]
[47,30,64]
[74,35,44]
[33,30,64]
[26,31,44]
[36,46,44]
[13,33,44]
[31,13,44]
[32,31,64]
[38,80,43]
[45,3,43]
[21,26,44]
[20,34,44]
[19,48,44]
[20,60,43]
[15,48,44]
[34,74,43]
[39,7,44]
[16,49,44]
[13,32,44]
[21,45,44]
[74,44,44]
[36,66,44]
[63,57,44]
[62,56,44]
[64,47,44]
[15,49,44]
[39,47,44]
[29,46,44]
[14,43,35]
[42,65,44]
[12,54,43]
[47,59,44]
[26,16,64]
[36,10,44]
[1,41,64]
[56,22,44]
[40,29,64]
[13,27,44]
[54,20,44]
[39,57,44]
[58,58,39]
[30,37,64]
[18,32,44]
[43,56,39]
[32,72,43]
[20,47,44]
[52,28,44]
[18,61,44]
[9,52,44]
[51,44,64]
[20,22,64]
[77,44,44]
[71,37,44]
[56,16,43]
[31,16,44]
[60,27,44]
[35,17,44]
[72,38,44]
[31,52,44]
[53,47,44]
[50,38,64]
[70,55,43]
[34,64,44]
[41,12,44]
[15,30,44]
[59,27,44]
[67,33,44]
[29,27,44]
[52,53,44]
[50,25,44]
[13,52,44]
[57,64,44]
[29,55,44]
[22,29,44]
[27,28,44]
[22,45,44]
[13,54,64]
[51,23,44]
[68,49,44]
[66,46,44]
[49,7,43]
[43,26,59]
[21,47,44]
[63,40,44]
[38,34,64]
[42,2,64]
[32,27,44]
[36,71,44]
[76,49,43]
[67,32,44]
[22,58,44]
[33,72,44]
[36,77,64]
[58,66,64]
[59,20,44]
[48,9,44]
[23,62,44]
[59,66,43]
[18,35,44]
[63,56,44]
[48,50,44]
[41,14,44]
[28,23,44]
[33,16,44]
[40,32,64]
[50,20,44]
[38,10,44]
[23,56,44]
[30,16,44]
[43,6,44]
[57,53,44]
[60,24,44]
[54,27,44]
[43,60,44]
[39,74,44]
[65,44,44]
[68,34,44]
[55,26,44]
[59,29,44]
[15,29,44]
[30,46,44]
[54,68,44]
[37,64,44]
[41,34,64]
[34,25,44]
[79,47,44]
[27,64,44]
[33,49,44]
[62,60,44]
[47,18,44]
[52,20,44]
[29,39,39]
[68,41,44]
[49,12,44]
[40,17,44]
[59,36,64]
[29,59,44]
[65,55,44]
[25,56,44]
[20,39,44]
[7,36,39]
[42,15,44]
[47,17,44]
[8,45,44]
[10,44,44]
[43,4,44]
[55,17,44]
[67,42,44]
[47,76,43]
[42,18,44]
[39,58,44]
[38,51,44]
[36,59,44]
[59,52,44]
[66,36,44]
[68,52,44]
[30,47,44]
[36,8,44]
[30,56,44]
[36,23,44]
[61,51,44]
[32,56,44]
[20,25,44]
[40,5,44]
[16,40,44]
[7,42,44]
[49,65,44]
[46,67,44]
[26,33,44]
[61,63,64]
[3,44,64]
[59,63,44]
[38,68,44]
[48,43,43]
[63,61,64]
[37,23,44]
[58,38,64]
[62,33,44]
[33,37,64]
[22,38,44]
[58,59,44]
[78,35,44]
[38,28,64]
[21,31,44]
[14,47,44]
[27,54,44]
[59,59,44]
[41,15,44]
[41,59,44]
[43,5,44]
[54,15,44]
[63,35,64]
[50,9,64]
[56,64,44]
[36,70,44]
[40,34,64]
[49,68,44]
[29,49,44]
[42,27,64]
[39,73,44]
[53,45,44]
[41,1,64]
[55,36,64]
[15,45,44]
[46,42,64]
[51,21,44]
[42,48,64]
[38,19,44]
[24,34,44]
[23,65,43]
[48,53,44]
[40,55,44]
[51,34,64]
[31,40,44]
[40,49,44]
[23,26,44]
[47,9,44]
[35,18,44]
[57,66,43]
[30,33,64]
[9,34,39]
[43,17,44]
[12,53,64]
[26,50,44]
[22,20,64]
[51,28,44]
[71,52,43]
[66,23,44]
[25,57,44]
[33,40,64]
[46,65,44]
[33,18,44]
[61,46,44]
[18,23,35]
[60,21,44]
[24,43,44]
[45,79,64]
[75,43,44]
[19,45,44]
[30,72,43]
[55,34,44]
[49,30,44]
[35,68,44]
[8,50,43]
[38,79,64]
[42,47,64]
[27,59,44]
[43,36,64]
[28,12,44]
[34,28,35]
[81,43,64]
[36,47,44]
[59,47,44]
[56,33,44]
[57,60,44]
[45,8,44]
[16,46,44]
[27,67,43]
[49,49,44]
[79,42,44]
[42,1,64]
[17,47,44]
[61,35,64]
[48,69,44]
[57,26,44]
[57,23,44]
[44,20,44]
[55,14,64]
[38,41,64]
[31,32,64]
[22,60,44]
[19,26,44]
[45,58,44]
[41,0,44]
[28,26,44]
[29,64,44]
[58,27,44]
[61,44,44]
[72,42,44]
[21,48,44]
[22,44,44]
[25,22,44]
[14,45,44]
[49,52,44]
[18,46,44]
[32,17,44]
[26,60,44]
[44,76,44]
[54,35,64]
[37,15,44]
[38,62,44]
[45,14,44]
[35,15,44]
[36,69,44]
[55,61,44]
[25,59,44]
[68,40,44]
[51,11,43]
[36,67,44]
[38,76,44]
[50,10,43]
[52,26,44]
[40,44,64]
[47,77,64]
[13,37,44]
[38,26,64]
[30,40,44]
[34,42,59]
[44,57,44]
[21,53,44]
[52,71,43]
[20,40,44]
[10,38,44]
[55,43,44]
[24,57,44]
[52,49,44]
[31,45,44]
[51,20,44]
[44,59,44]
[59,67,44]
[37,5,64]
[25,62,44]
[14,57,44]
[36,44,44]
[60,52,44]
[25,58,44]
[52,18,44]
[26,26,44]
[22,55,44]
[38,59,44]
[12,43,44]
[14,46,44]
[26,46,44]
[45,56,64]
[69,30,44]
[28,40,44]
[69,45,44]
[61,18,44]
[8,43,44]
[71,45,44]
[61,62,43]
[71,54,43]
[36,62,44]
[70,56,44]
[69,33,44]
[17,36,44]
[30,22,44]
[48,14,44]
[28,50,44]
[27,48,44]
[28,17,44]
[16,53,44]
[21,59,44]
[20,49,44]
[57,49,44]
[17,29,44]
[25,16,35]
[47,23,44]
[46,66,44]
[36,18,44]
[41,52,44]
[75,46,44]
[73,53,44]
[25,17,64]
[19,33,44]
[27,69,43]
[13,31,44]
[77,48,43]
[8,38,44]
[54,55,44]
[56,15,64]
[38,3,35]
[35,73,44]
[46,19,44]
[58,43,44]
[49,35,64]
[58,25,44]
[43,3,43]
[9,35,44]
[62,30,44]
[54,13,64]
[41,70,44]
[28,46,44]
[68,30,44]
[53,27,44]
[49,36,64]
[40,2,64]
[34,32,64]
[33,50,44]
[33,63,44]
[56,67,43]
[65,35,44]
[57,68,43]
[23,25,44]
[34,30,64]
[23,31,44]
[54,14,43]
[26,63,44]
[50,61,44]
[59,28,44]
[75,33,43]
[61,58,44]
[60,61,44]
[18,22,44]
[70,37,44]
[31,33,64]
[63,48,44]
[53,15,44]
[74,47,44]
[34,62,44]
[40,4,44]
[39,42,64]
[25,25,44]
[33,67,44]
[60,17,44]
[63,26,44]
[50,43,64]
[25,68,44]
[48,55,44]
[59,39,44]
[53,24,44]
[51,72,43]
[50,60,44]
[40,54,44]
[29,12,35]
[67,41,44]
[48,26,44]
[48,12,44]
[48,34,64]
[15,42,44]
[38,7,44]
[28,71,44]
[44,2,43]
[35,31,64]
[70,43,44]
[31,70,44]
[49,44,64]
[71,49,44]
[80,37,44]
[54,50,44]
[72,36,44]
[45,81,44]
[30,73,44]
[21,63,43]
[14,42,44]
[41,48,64]
[4,43,44]
[36,55,44]
[39,25,44]
[66,57,43]
[28,42,44]
[38,6,44]
[27,37,64]
[54,19,44]
[57,54,44]
[41,6,44]
[71,42,44]
[26,49,44]
[29,52,44]
[33,26,44]
[37,12,44]
[60,46,44]
[62,52,44]
[30,64,44]
[22,54,44]
[10,30,44]
[20,28,44]
[34,41,64]
[40,72,44]
[53,55,44]
[8,51,44]
[24,32,44]
[41,49,35]
[33,44,44]
[26,57,44]
[47,40,64]
[22,49,44]
[70,33,44]
[62,25,44]
[33,47,44]
[36,29,64]
[34,24,44]
[55,19,44]
[65,51,44]
[5,44,44]
[74,41,44]
[26,54,44]
[66,49,44]
[31,60,44]
[46,58,44]
[60,59,44]
[48,37,64]
[24,28,44]
[62,44,44]
[56,37,64]
[16,54,44]
[78,40,44]
[3,40,39]
[24,26,44]
[30,27,44]
[8,35,39]
[35,33,64]
[44,11,44]
[44,35,64]
[39,78,44]
[53,42,64]
[37,36,64]
[5,48,44]
[19,44,44]
[47,27,44]
[80,39,64]
[35,28,64]
[55,24,44]
[19,56,44]
[56,56,44]
[36,72,44]
[22,21,39]
[38,4,64]
[13,35,44]
[38,8,44]
[44,10,44]
[25,38,64]
[30,21,44]
[75,42,44]
[74,34,43]
[40,42,64]
[37,4,35]
[31,58,44]
[28,67,44]
[49,17,44]
[43,76,44]
[7,44,44]
[71,38,44]
[36,6,64]
[81,42,64]
[53,52,44]
[45,70,44]
[54,47,44]
[24,33,44]
[60,44,44]
[27,18,44]
[68,33,44]
[32,73,64]
[35,9,44]
[68,42,44]
[33,24,44]
[38,70,44]
[52,43,64]
[35,44,44]
[66,33,44]
[33,23,44]
[42,25,44]
[69,54,43]
[26,64,44]
[29,63,44]
[30,20,44]
[42,82,64]
[32,71,44]
[43,69,44]
[16,35,44]
[56,40,35]
[59,45,44]
[27,43,44]
[9,51,43]
[45,54,59]
[30,19,44]
[62,58,44]
[40,12,44]
[50,47,44]
[25,37,64]
[39,70,44]
[49,41,64]
[71,28,44]
[65,61,44]
[29,48,44]
[18,57,44]
[44,62,44]
[6,41,44]
[40,75,44]
[55,48,44]
[3,42,44]
[66,29,44]
[29,33,35]
[27,49,44]
[50,18,44]
[63,25,44]
[32,10,64]
[50,59,44]
[29,72,44]
[55,16,44]
[43,78,44]
[41,7,44]
[36,4,44]
[70,32,44]
[58,28,44]
[47,6,64]
[33,65,44]
[62,53,44]
[37,75,44]
[35,20,44]
[53,32,44]
[35,71,44]
[56,29,44]
[38,35,64]
[28,45,44]
[40,65,44]
[55,28,44]
[41,69,44]
[60,23,44]
[32,74,43]
[44,16,44]
[43,23,44]
[5,40,44]
[42,43,64]
[30,10,44]
[45,49,44]
[64,29,44]
[19,57,44]
[57,28,44]
[57,25,44]
[67,53,44]
[49,29,44]
[71,44,44]
[35,62,44]
[46,35,64]
[39,67,44]
[23,55,44]
[37,17,44]
[29,67,44]
[56,24,44]
[8,48,43]
[24,31,44]
[34,44,44]
[57,47,44]
[61,50,44]
[45,62,44]
[47,8,44]
[18,60,43]
[46,60,44]
[42,53,43]
[41,71,44]
[30,39,44]
[17,56,44]
[21,30,44]
[21,21,64]
[57,39,64]
[50,75,43]
[26,52,44]
[49,43,64]
[43,15,44]
[67,44,44]
[72,44,44]
[41,36,64]
[34,17,44]